1,1,靠着耶稣得胜,4
2,10,耶和华你是我的神,2
3,100,耶和华神已掌权,10
4,101,我的上帝我的王啊,12
5,102,丰盛的人生,6
6,103,奇异恩典,5
7,104,主我高举你的名,5
8,105,永远称颂你,12
9,106,耶稣你的名真甘甜,5
10,107,主耶稣被钉在十架上,15
11,108,最美的事,1
12,109,向主唱新歌,12
13,109,我敬拜你全能真神,5
14,11,春的歌唱,2
15,110,那双看不见的手,4
16,111,奉主名来的是应当称颂的,12
17,112,主啊我们也要,1
18,113,我愿为你去,2
19,115,我要顺服,2
20,116,耶稣我爱你,1
21,117,想起你,14
22,119,牺牲的爱,1
23,12,认识你真好,5
24,13,如果你想知道,5
25,14,渴慕耶和华的院宇,9
26,15,爱我愿意,2
27,17,丰盛的应许,4
28,18,使命,7
29,19,宝贵十架,6
30,20,各各他的爱,13
31,21,恩典够用,5
32,22,献上自己为祭,1
33,23,神羔羊是万王之王,6
34,24,尽情的敬拜,6
35,25,有一位神,2
36,26,这一生最美的祝福,2
37,28,一起走,1
38,29,愿你荣耀国度降临,6
39,30,把阴影挪开,4
40,31,全能的创造主,6
41,32,十架的爱,2
42,33,这是我的手,6
43,34,生命河流,6
44,36,给我一颗单纯的心,12
45,37,一生爱你,3
46,38,把冷漠变成爱,2
47,39,全然向你,2
48,4,神是我的拯救,12
49,40,离了你我不能做什么,6
50,41,让赞美飞扬,5
51,42,云上太阳,2
52,42,赞美之泉,16
53,43,求主充满我,2
54,44,爱的家园,2
55,46,亲近主,10
56,47,我要单单仰望你,3
57,48,生命之歌,12
58,49,严冬里也有春天,11
59,5,将天敞开,5
60,50,我的心切慕你,5
61,51,求你给我一颗祷告的心,10
62,52,更新我的灵,4
63,53,不要只风闻有你,12
64,54,我以祷告来到你面前,6
65,56,今生跟随主耶稣,9
66,58,一件礼物,1
67,59,看见复兴,6
68,6,主赐给我的所有恩典,2
69,60,常常喜乐,5
70,61,让爱走动,5
71,62,鼓舞,6
72,63,小小的梦想,1
73,65,在主爱中,14
74,66,我今天为你祝福,4
75,67,主我敬拜你,4
76,68,注目看耶稣,2
77,69,一切歌颂赞美,2
78,7,握手,5
79,70,我多么需要有你,1
80,71,耶稣我的救主,5
81,72,如鹰展翅上腾,9
82,73,你是我永远的救主,11
83,74,轻轻听,2
84,75,心连心,8
85,76,可喜悦的祭,2
86,77,再爱主多一点,4
87,78,耶和华是我牧者,4
88,79,以色列的圣者,9
89,8,我的救赎者活着,6
90,80,凡事都能做,5
91,81,哈利路亚来赞美主,12
92,82,耶稣你是宝贵,4
93,83,赐福与你,2
94,84,爱的团契,1
95,85,我的神我要敬拜你,1
96,87,我们爱让世界不一样,2
97,88,除你以外,2
98,89,这世代,5
99,9,众山怎样围绕耶路撒冷,12
100,90,我们呼求,2
101,91,坐在宝座上的羔羊,1
102,92,荣耀能力归耶和华,9
103,94,因有主同在,1
104,95,发光如星,15
105,96,直到主耶稣再来的时候,1
106,97,你的爱不离不弃,11
107,98,亲眼看见你,1
108,99,愿万民归向你,10
